qwen3 [The three most important ideas in thermodynamics are] lc_amx first_diff_vs_lc_amx=64 tokens: 279 7168 339 11 1156 11 323 2086 6872 13 576 7168 339 2329 374 911 28387 55311 13 576 1156 2329 374 911 4802 28611 13 576 2086 2329 374 911 47502 323 279 5106 315 53457 11364 13 576 1156 2329 374 279 2329 315 28611 315 4802 13 576 2086 2329 374 911 279 5106 315 53457 11364 13 576 7168
qwen3 [The three most important ideas in thermodynamics are] lc_plain first_diff_vs_lc_amx=63 tokens: 279 7168 339 11 1156 11 323 2086 6872 13 576 7168 339 2329 374 911 28387 55311 13 576 1156 2329 374 911 4802 28611 13 576 2086 2329 374 911 47502 323 279 5106 315 53457 11364 13 576 1156 2329 374 279 2329 315 28611 315 4802 13 576 2086 2329 374 911 279 5106 315 53457 11364 13 576 4843
qwen3 [The three most important ideas in thermodynamics are] v2 first_diff_vs_lc_amx=64 tokens: 279 7168 339 11 1156 11 323 2086 6872 13 576 7168 339 2329 374 911 28387 55311 13 576 1156 2329 374 911 4802 28611 13 576 2086 2329 374 911 47502 323 279 5106 315 53457 11364 13 576 1156 2329 374 279 2329 315 28611 315 4802 13 576 2086 2329 374 911 279 5106 315 53457 11364 13 576 7168
qwen3 [The three most important ideas in thermodynamics are] v1 first_diff_vs_lc_amx=63 tokens: 279 7168 339 11 1156 11 323 2086 6872 13 576 7168 339 2329 374 911 28387 55311 13 576 1156 2329 374 911 4802 28611 13 576 2086 2329 374 911 47502 323 279 5106 315 53457 11364 13 576 1156 2329 374 279 2329 315 28611 315 4802 13 576 2086 2329 374 911 279 5106 315 53457 11364 13 576 4843
qwen3 [Once upon a time, in a small village by the sea,] lc_amx first_diff_vs_lc_amx=64 tokens: 1052 12163 264 3908 3743 6941 444 2210 13 2932 572 3881 369 1059 44872 323 1059 2948 369 279 9396 13 7209 6556 11 1340 1035 15156 705 323 728 369 264 4227 3156 279 11321 11 25895 42954 323 26210 13 2932 1035 2444 389 264 6946 323 1401 700 518 279 17951 11 1380 279 16876 1035 9920 323 279 7015
qwen3 [Once upon a time, in a small village by the sea,] lc_plain first_diff_vs_lc_amx=51 tokens: 1052 12163 264 3908 3743 6941 444 2210 13 2932 572 3881 369 1059 44872 323 1059 2948 369 279 9396 13 7209 6556 11 1340 1035 15156 705 323 728 369 264 4227 3156 279 11321 11 25895 42954 323 26210 13 2932 1035 2444 389 264 6946 323 1401 518 279 16876 11 76624 279 7343 807 3229 13 3776 1899 11
qwen3 [Once upon a time, in a small village by the sea,] v2 first_diff_vs_lc_amx=51 tokens: 1052 12163 264 3908 3743 6941 444 2210 13 2932 572 3881 369 1059 44872 323 1059 2948 369 279 9396 13 7209 6556 11 1340 1035 15156 705 323 728 369 264 4227 3156 279 11321 11 25895 42954 323 26210 13 2932 1035 2444 389 264 6946 323 1401 518 279 16876 11 76624 279 7343 807 3229 13 3776 1899 11
qwen3 [Once upon a time, in a small village by the sea,] v1 first_diff_vs_lc_amx=64 tokens: 1052 12163 264 3908 3743 6941 444 2210 13 2932 572 3881 369 1059 44872 323 1059 2948 369 279 9396 13 7209 6556 11 1340 1035 15156 705 323 728 369 264 4227 3156 279 11321 11 25895 42954 323 26210 13 2932 1035 2444 389 264 6946 323 1401 700 518 279 17951 11 1380 279 16876 1035 9920 323 279 7015
qwen3 [def fibonacci(n):] lc_amx first_diff_vs_lc_amx=64 tokens: 198 262 421 308 2651 220 15 510 286 470 4167 262 4409 308 621 220 16 510 286 470 508 15 921 262 4409 308 621 220 17 510 286 470 508 15 11 220 16 921 262 770 510 286 15801 284 508 15 11 220 16 921 286 369 600 304 2088 7 17 11 308 982 310 15801 2057 955
qwen3 [def fibonacci(n):] lc_plain first_diff_vs_lc_amx=64 tokens: 198 262 421 308 2651 220 15 510 286 470 4167 262 4409 308 621 220 16 510 286 470 508 15 921 262 4409 308 621 220 17 510 286 470 508 15 11 220 16 921 262 770 510 286 15801 284 508 15 11 220 16 921 286 369 600 304 2088 7 17 11 308 982 310 15801 2057 955
qwen3 [def fibonacci(n):] v2 first_diff_vs_lc_amx=64 tokens: 198 262 421 308 2651 220 15 510 286 470 4167 262 4409 308 621 220 16 510 286 470 508 15 921 262 4409 308 621 220 17 510 286 470 508 15 11 220 16 921 262 770 510 286 15801 284 508 15 11 220 16 921 286 369 600 304 2088 7 17 11 308 982 310 15801 2057 955
qwen3 [def fibonacci(n):] v1 first_diff_vs_lc_amx=64 tokens: 198 262 421 308 2651 220 15 510 286 470 4167 262 4409 308 621 220 16 510 286 470 508 15 921 262 4409 308 621 220 17 510 286 470 508 15 11 220 16 921 262 770 510 286 15801 284 508 15 11 220 16 921 286 369 600 304 2088 7 17 11 308 982 310 15801 2057 955
qwen3 [The capital of France is] lc_amx first_diff_vs_lc_amx=64 tokens: 12095 13 576 6722 315 279 3639 15072 374 7148 13 576 6722 315 279 3639 4180 374 6515 11 422 727 13 576 6722 315 6864 374 32166 13 576 6722 315 12270 374 12270 4311 13 576 6722 315 6323 374 26194 13 576 6722 315 9856 374 19846 13 576 6722 315 15344 374 21718 13 576 6722 315 17689 374
qwen3 [The capital of France is] lc_plain first_diff_vs_lc_amx=7 tokens: 12095 13 576 6722 315 279 3639 4180 374 6515 11 422 727 13 576 6722 315 279 3639 15072 374 7148 13 576 6722 315 279 8522 27232 374 22415 13 576 6722 315 279 8853 594 5429 315 5616 374 26549 13 576 6722 315 279 5429 315 5616 374 96345 13 576 6722 315 279 5429 315 11862 374 50189 13
qwen3 [The capital of France is] v2 first_diff_vs_lc_amx=7 tokens: 12095 13 576 6722 315 279 3639 4180 374 6515 11 422 727 13 576 6722 315 279 3639 15072 374 7148 13 576 6722 315 279 8522 27232 374 22415 13 576 6722 315 279 8853 594 5429 315 5616 374 26549 13 576 6722 315 279 5429 315 5616 374 96345 13 576 6722 315 279 5429 315 11862 374 50189 13
qwen3 [The capital of France is] v1 first_diff_vs_lc_amx=5 tokens: 12095 13 576 6722 315 15344 374 21718 13 576 6722 315 17689 374 24081 13 576 6722 315 33311 374 80701 13 576 6722 315 9856 374 19846 13 576 6722 315 34898 374 46287 13 576 6722 315 29121 374 14168 13 576 6722 315 279 25662 374 37741 13 576 6722 315 32961 374 37169 13 576 6722 315 64871 374
qwen3 [Explain why the sky is blue in two sentences.] lc_amx first_diff_vs_lc_amx=64 tokens: 576 12884 7952 6303 4152 311 279 71816 315 39020 553 279 9237 594 16566 13 1096 71816 11 3881 438 13255 62969 71816 11 11137 23327 92859 315 3100 320 12203 323 79736 8 311 5821 304 7678 5128 11 3259 279 12884 4994 6303 311 1039 6414 13 576 12884 7952 6303 4152 311 279 71816 315 39020 553 279 9237 594
qwen3 [Explain why the sky is blue in two sentences.] lc_plain first_diff_vs_lc_amx=64 tokens: 576 12884 7952 6303 4152 311 279 71816 315 39020 553 279 9237 594 16566 13 1096 71816 11 3881 438 13255 62969 71816 11 11137 23327 92859 315 3100 320 12203 323 79736 8 311 5821 304 7678 5128 11 3259 279 12884 4994 6303 311 1039 6414 13 576 12884 7952 6303 4152 311 279 71816 315 39020 553 279 9237 594
qwen3 [Explain why the sky is blue in two sentences.] v2 first_diff_vs_lc_amx=64 tokens: 576 12884 7952 6303 4152 311 279 71816 315 39020 553 279 9237 594 16566 13 1096 71816 11 3881 438 13255 62969 71816 11 11137 23327 92859 315 3100 320 12203 323 79736 8 311 5821 304 7678 5128 11 3259 279 12884 4994 6303 311 1039 6414 13 576 12884 7952 6303 4152 311 279 71816 315 39020 553 279 9237 594
qwen3 [Explain why the sky is blue in two sentences.] v1 first_diff_vs_lc_amx=64 tokens: 576 12884 7952 6303 4152 311 279 71816 315 39020 553 279 9237 594 16566 13 1096 71816 11 3881 438 13255 62969 71816 11 11137 23327 92859 315 3100 320 12203 323 79736 8 311 5821 304 7678 5128 11 3259 279 12884 4994 6303 311 1039 6414 13 576 12884 7952 6303 4152 311 279 71816 315 39020 553 279 9237 594
olmoe [The three most important ideas in thermodynamics are] lc_amx first_diff_vs_lc_amx=64 tokens: 27 187 187 18 15 380 3973 5405 273 20763 78 30141 27 11669 310 14900 15 187 19 15 380 6347 5405 273 20763 78 30141 27 496 667 3626 32908 1232 13 253 2264 15579 273 253 10325 5459 15 187 20 15 380 12245 5405 273 20763 78 30141 27 1284 253 3276 273 247 3962 28138 10359 7274 7880 5058
olmoe [The three most important ideas in thermodynamics are] lc_plain first_diff_vs_lc_amx=8 tokens: 27 187 187 18 15 380 3973 5405 27 11669 310 14900 15 187 19 15 380 6347 5405 27 22512 2550 320 11516 4336 715 789 15 187 20 15 380 12245 5405 27 733 310 7479 281 3986 7880 5058 3276 15 187 187 6872 5323 452 15585 12739 323 776 4685 273 2341 285 697 21257 15 1281 434 1448 306
olmoe [The three most important ideas in thermodynamics are] v2 first_diff_vs_lc_amx=8 tokens: 27 187 187 18 15 380 3973 5405 27 11669 310 14900 15 187 19 15 380 6347 5405 27 22512 2550 320 11516 4336 715 789 15 187 20 15 380 12245 5405 27 733 310 7479 281 3986 7880 5058 3276 15 187 187 510 3973 5405 3054 326 2341 310 14900 285 476 320 9495 432 581 830 281 1529 15
olmoe [The three most important ideas in thermodynamics are] v1 first_diff_vs_lc_amx=8 tokens: 27 187 187 18 15 380 3973 5405 27 11669 310 14900 15 187 19 15 380 6347 5405 27 22512 2550 320 11516 4336 715 789 15 187 20 15 380 12245 5405 27 733 310 7479 281 3986 7880 5058 3276 15 187 187 510 3973 5405 3054 326 2341 310 14900 285 476 320 9495 432 581 830 281 1529 15
olmoe [Once upon a time, in a small village by the sea,] lc_amx first_diff_vs_lc_amx=64 tokens: 627 6940 247 2872 3226 4907 3599 4595 15 1500 369 1929 323 617 28426 13 617 2389 323 3753 13 285 617 440 8754 49332 9927 275 10721 15 3599 4595 5262 617 1897 18216 253 45788 21327 13 21266 253 10086 383 7139 13 285 11298 281 253 47819 273 253 5448 15 187 187 4041 1388 13 347 3599 4595 369
olmoe [Once upon a time, in a small village by the sea,] lc_plain first_diff_vs_lc_amx=64 tokens: 627 6940 247 2872 3226 4907 3599 4595 15 1500 369 1929 323 617 28426 13 617 2389 323 3753 13 285 617 440 8754 49332 9927 275 10721 15 3599 4595 5262 617 1897 18216 253 45788 21327 13 21266 253 10086 383 7139 13 285 11298 281 253 47819 273 253 5448 15 187 187 4041 1388 13 347 3599 4595 369
olmoe [Once upon a time, in a small village by the sea,] v2 first_diff_vs_lc_amx=64 tokens: 627 6940 247 2872 3226 4907 3599 4595 15 1500 369 1929 323 617 28426 13 617 2389 323 3753 13 285 617 440 8754 49332 9927 275 10721 15 3599 4595 5262 617 1897 18216 253 45788 21327 13 21266 253 10086 383 7139 13 285 11298 281 253 47819 273 253 5448 15 187 187 4041 1388 13 347 3599 4595 369
olmoe [Once upon a time, in a small village by the sea,] v1 first_diff_vs_lc_amx=64 tokens: 627 6940 247 2872 3226 4907 3599 4595 15 1500 369 1929 323 617 28426 13 617 2389 323 3753 13 285 617 440 8754 49332 9927 275 10721 15 3599 4595 5262 617 1897 18216 253 45788 21327 13 21266 253 10086 383 7139 13 285 11298 281 253 47819 273 253 5448 15 187 187 4041 1388 13 347 3599 4595 369
olmoe [def fibonacci(n):] lc_amx first_diff_vs_lc_amx=64 tokens: 187 50274 338 295 11049 470 27 187 50270 2309 8168 187 50274 44779 295 2295 337 27 187 50270 2309 544 17 62 187 50274 44779 295 2295 374 27 187 50270 2309 544 17 13 337 62 187 50274 7271 27 187 50270 36240 64 14571 426 544 17 13 337 62 187 50270 6050 8472 9 36240 64 14571 10 654
olmoe [def fibonacci(n):] lc_plain first_diff_vs_lc_amx=64 tokens: 187 50274 338 295 11049 470 27 187 50270 2309 8168 187 50274 44779 295 2295 337 27 187 50270 2309 544 17 62 187 50274 44779 295 2295 374 27 187 50270 2309 544 17 13 337 62 187 50274 7271 27 187 50270 36240 64 14571 426 544 17 13 337 62 187 50270 6050 8472 9 36240 64 14571 10 654
olmoe [def fibonacci(n):] v2 first_diff_vs_lc_amx=5 tokens: 187 50274 338 295 11049 337 27 187 50270 2309 295 187 50274 7271 27 187 50270 2309 5713 251 42401 9 79 14 18 10 559 5713 251 42401 9 79 14 19 10 187 187 3845 9 36240 251 42401 9 740 1228 187 11202 187 187 1552 13814 2127 13067 247 1159 2634 36240 251 42401 9 79 10 65 326
olmoe [def fibonacci(n):] v1 first_diff_vs_lc_amx=5 tokens: 187 50274 338 295 11049 337 27 187 50270 2309 295 187 50274 7271 27 187 50270 2309 5713 251 42401 9 79 14 18 10 559 5713 251 42401 9 79 14 19 10 187 187 3845 9 36240 251 42401 9 740 1228 187 11202 187 187 1552 13814 2127 13067 247 1159 2634 36240 251 42401 9 79 10 65 326
olmoe [The capital of France is] lc_amx first_diff_vs_lc_amx=64 tokens: 7785 15 187 187 510 3565 3448 273 6181 310 5112 15 187 187 510 3072 273 6181 310 5512 9963 3041 952 15 187 187 510 14731 908 275 6181 310 253 14029 313 14507 481 187 187 33639 310 1929 323 697 6793 2892 13 5389 1445 13 10336 13 285 33698 15 187 187 6080 8530 39719 275 6181 2486 253
olmoe [The capital of France is] lc_plain first_diff_vs_lc_amx=64 tokens: 7785 15 187 187 510 3565 3448 273 6181 310 5112 15 187 187 510 3072 273 6181 310 5512 9963 3041 952 15 187 187 510 14731 908 275 6181 310 253 14029 313 14507 481 187 187 33639 310 1929 323 697 6793 2892 13 5389 1445 13 10336 13 285 33698 15 187 187 6080 8530 39719 275 6181 2486 253
olmoe [The capital of France is] v2 first_diff_vs_lc_amx=5 tokens: 7785 15 187 187 510 6100 39798 310 581 273 253 1533 434 6253 285 954 11580 1445 34028 13 285 247 14464 25754 275 7785 15 187 187 510 444 1648 293 20610 310 271 6871 10979 15469 4441 327 253 23431 372 13648 275 7785 13 4907 846 253 16518 33746 1123 444 1648 293 15 187 187 510 26476 372 11835
olmoe [The capital of France is] v1 first_diff_vs_lc_amx=5 tokens: 7785 15 187 187 510 6100 39798 11032 310 581 273 253 1533 434 6253 285 954 11580 1445 34028 15 187 187 510 444 1648 293 20610 310 271 26893 9484 273 7785 285 6181 15 187 187 510 26476 372 11835 297 21289 310 247 25754 275 7785 9940 281 1110 665 13465 285 4962 275 253 28955 5120 14848 15 187
olmoe [Explain why the sky is blue in two sentences.] lc_amx first_diff_vs_lc_amx=64 tokens: 187 187 510 8467 4620 4797 984 23993 310 17485 275 512 10746 275 253 7565 434 10825 13 285 12217 25738 313 11863 285 43597 10 403 17485 625 685 643 25738 1955 281 616 5016 342 2329 8094 13 8094 13 285 8660 15 831 11715 5997 253 4797 3295 273 253 8467 326 359 923 15 50279 14594 3243 310 17485
olmoe [Explain why the sky is blue in two sentences.] lc_plain first_diff_vs_lc_amx=64 tokens: 187 187 510 8467 4620 4797 984 23993 310 17485 275 512 10746 275 253 7565 434 10825 13 285 12217 25738 313 11863 285 43597 10 403 17485 625 685 643 25738 1955 281 616 5016 342 2329 8094 13 8094 13 285 8660 15 831 11715 5997 253 4797 3295 273 253 8467 326 359 923 15 50279 14594 3243 310 17485
olmoe [Explain why the sky is blue in two sentences.] v2 first_diff_vs_lc_amx=61 tokens: 187 187 510 8467 4620 4797 984 23993 310 17485 275 512 10746 275 253 7565 434 10825 13 285 12217 25738 313 11863 285 43597 10 403 17485 625 685 643 25738 1955 281 616 5016 342 2329 8094 13 8094 13 285 8660 15 831 11715 5997 253 4797 3295 273 253 8467 326 359 923 15 50279 14594 13 16363 13
olmoe [Explain why the sky is blue in two sentences.] v1 first_diff_vs_lc_amx=61 tokens: 187 187 510 8467 4620 4797 984 23993 310 17485 275 512 10746 275 253 7565 434 10825 13 285 12217 25738 313 11863 285 43597 10 403 17485 625 685 643 25738 1955 281 616 5016 342 2329 8094 13 8094 13 285 8660 15 831 11715 5997 253 4797 3295 273 253 8467 326 359 923 15 50279 14594 13 16363 13
qwen3 [The three most important ideas in thermodynamics are] lc_amx first_diff_vs_lc_amx=64 tokens: 279 7168 339 11 1156 11 323 2086 6872 13 576 7168 339 2329 374 911 28387 55311 13 576 1156 2329 374 911 4802 28611 13 576 2086 2329 374 911 47502 323 279 5106 315 53457 11364 13 576 1156 2329 374 279 2329 315 28611 315 4802 13 576 2086 2329 374 911 279 5106 315 53457 11364 13 576 7168
qwen3 [The three most important ideas in thermodynamics are] lc_plain first_diff_vs_lc_amx=63 tokens: 279 7168 339 11 1156 11 323 2086 6872 13 576 7168 339 2329 374 911 28387 55311 13 576 1156 2329 374 911 4802 28611 13 576 2086 2329 374 911 47502 323 279 5106 315 53457 11364 13 576 1156 2329 374 279 2329 315 28611 315 4802 13 576 2086 2329 374 911 279 5106 315 53457 11364 13 576 4843
qwen3 [The three most important ideas in thermodynamics are] v2 first_diff_vs_lc_amx=64 tokens: 279 7168 339 11 1156 11 323 2086 6872 13 576 7168 339 2329 374 911 28387 55311 13 576 1156 2329 374 911 4802 28611 13 576 2086 2329 374 911 47502 323 279 5106 315 53457 11364 13 576 1156 2329 374 279 2329 315 28611 315 4802 13 576 2086 2329 374 911 279 5106 315 53457 11364 13 576 7168
qwen3 [The three most important ideas in thermodynamics are] v1 first_diff_vs_lc_amx=63 tokens: 279 7168 339 11 1156 11 323 2086 6872 13 576 7168 339 2329 374 911 28387 55311 13 576 1156 2329 374 911 4802 28611 13 576 2086 2329 374 911 47502 323 279 5106 315 53457 11364 13 576 1156 2329 374 279 2329 315 28611 315 4802 13 576 2086 2329 374 911 279 5106 315 53457 11364 13 576 4843
qwen3 [Once upon a time, in a small village by the sea,] lc_amx first_diff_vs_lc_amx=64 tokens: 1052 12163 264 3908 3743 6941 444 2210 13 2932 572 3881 369 1059 44872 323 1059 2948 369 279 9396 13 7209 6556 11 1340 1035 15156 705 323 728 369 264 4227 3156 279 11321 11 25895 42954 323 26210 13 2932 1035 2444 389 264 6946 323 1401 700 518 279 17951 11 1380 279 16876 1035 9920 323 279 7015
qwen3 [Once upon a time, in a small village by the sea,] lc_plain first_diff_vs_lc_amx=51 tokens: 1052 12163 264 3908 3743 6941 444 2210 13 2932 572 3881 369 1059 44872 323 1059 2948 369 279 9396 13 7209 6556 11 1340 1035 15156 705 323 728 369 264 4227 3156 279 11321 11 25895 42954 323 26210 13 2932 1035 2444 389 264 6946 323 1401 518 279 16876 11 76624 279 7343 807 3229 13 3776 1899 11
qwen3 [Once upon a time, in a small village by the sea,] v2 first_diff_vs_lc_amx=51 tokens: 1052 12163 264 3908 3743 6941 444 2210 13 2932 572 3881 369 1059 44872 323 1059 2948 369 279 9396 13 7209 6556 11 1340 1035 15156 705 323 728 369 264 4227 3156 279 11321 11 25895 42954 323 26210 13 2932 1035 2444 389 264 6946 323 1401 518 279 16876 11 76624 279 7343 807 3229 13 3776 1899 11
qwen3 [Once upon a time, in a small village by the sea,] v1 first_diff_vs_lc_amx=64 tokens: 1052 12163 264 3908 3743 6941 444 2210 13 2932 572 3881 369 1059 44872 323 1059 2948 369 279 9396 13 7209 6556 11 1340 1035 15156 705 323 728 369 264 4227 3156 279 11321 11 25895 42954 323 26210 13 2932 1035 2444 389 264 6946 323 1401 700 518 279 17951 11 1380 279 16876 1035 9920 323 279 7015
qwen3 [def fibonacci(n):] lc_amx first_diff_vs_lc_amx=64 tokens: 198 262 421 308 2651 220 15 510 286 470 4167 262 4409 308 621 220 16 510 286 470 508 15 921 262 4409 308 621 220 17 510 286 470 508 15 11 220 16 921 262 770 510 286 15801 284 508 15 11 220 16 921 286 369 600 304 2088 7 17 11 308 982 310 15801 2057 955
qwen3 [def fibonacci(n):] lc_plain first_diff_vs_lc_amx=64 tokens: 198 262 421 308 2651 220 15 510 286 470 4167 262 4409 308 621 220 16 510 286 470 508 15 921 262 4409 308 621 220 17 510 286 470 508 15 11 220 16 921 262 770 510 286 15801 284 508 15 11 220 16 921 286 369 600 304 2088 7 17 11 308 982 310 15801 2057 955
qwen3 [def fibonacci(n):] v2 first_diff_vs_lc_amx=64 tokens: 198 262 421 308 2651 220 15 510 286 470 4167 262 4409 308 621 220 16 510 286 470 508 15 921 262 4409 308 621 220 17 510 286 470 508 15 11 220 16 921 262 770 510 286 15801 284 508 15 11 220 16 921 286 369 600 304 2088 7 17 11 308 982 310 15801 2057 955
qwen3 [def fibonacci(n):] v1 first_diff_vs_lc_amx=64 tokens: 198 262 421 308 2651 220 15 510 286 470 4167 262 4409 308 621 220 16 510 286 470 508 15 921 262 4409 308 621 220 17 510 286 470 508 15 11 220 16 921 262 770 510 286 15801 284 508 15 11 220 16 921 286 369 600 304 2088 7 17 11 308 982 310 15801 2057 955
qwen3 [The capital of France is] lc_amx first_diff_vs_lc_amx=64 tokens: 12095 13 576 6722 315 279 3639 15072 374 7148 13 576 6722 315 279 3639 4180 374 6515 11 422 727 13 576 6722 315 6864 374 32166 13 576 6722 315 12270 374 12270 4311 13 576 6722 315 6323 374 26194 13 576 6722 315 9856 374 19846 13 576 6722 315 15344 374 21718 13 576 6722 315 17689 374
qwen3 [The capital of France is] lc_plain first_diff_vs_lc_amx=7 tokens: 12095 13 576 6722 315 279 3639 4180 374 6515 11 422 727 13 576 6722 315 279 3639 15072 374 7148 13 576 6722 315 279 8522 27232 374 22415 13 576 6722 315 279 8853 594 5429 315 5616 374 26549 13 576 6722 315 279 5429 315 5616 374 96345 13 576 6722 315 279 5429 315 11862 374 50189 13
qwen3 [The capital of France is] v2 first_diff_vs_lc_amx=7 tokens: 12095 13 576 6722 315 279 3639 4180 374 6515 11 422 727 13 576 6722 315 279 3639 15072 374 7148 13 576 6722 315 279 8522 27232 374 22415 13 576 6722 315 279 8853 594 5429 315 5616 374 26549 13 576 6722 315 279 5429 315 5616 374 96345 13 576 6722 315 279 5429 315 11862 374 50189 13
qwen3 [The capital of France is] v1 first_diff_vs_lc_amx=5 tokens: 12095 13 576 6722 315 15344 374 21718 13 576 6722 315 17689 374 24081 13 576 6722 315 33311 374 80701 13 576 6722 315 9856 374 19846 13 576 6722 315 34898 374 46287 13 576 6722 315 29121 374 14168 13 576 6722 315 279 25662 374 37741 13 576 6722 315 32961 374 37169 13 576 6722 315 64871 374
qwen3 [Explain why the sky is blue in two sentences.] lc_amx first_diff_vs_lc_amx=64 tokens: 576 12884 7952 6303 4152 311 279 71816 315 39020 553 279 9237 594 16566 13 1096 71816 11 3881 438 13255 62969 71816 11 11137 23327 92859 315 3100 320 12203 323 79736 8 311 5821 304 7678 5128 11 3259 279 12884 4994 6303 311 1039 6414 13 576 12884 7952 6303 4152 311 279 71816 315 39020 553 279 9237 594
qwen3 [Explain why the sky is blue in two sentences.] lc_plain first_diff_vs_lc_amx=64 tokens: 576 12884 7952 6303 4152 311 279 71816 315 39020 553 279 9237 594 16566 13 1096 71816 11 3881 438 13255 62969 71816 11 11137 23327 92859 315 3100 320 12203 323 79736 8 311 5821 304 7678 5128 11 3259 279 12884 4994 6303 311 1039 6414 13 576 12884 7952 6303 4152 311 279 71816 315 39020 553 279 9237 594
qwen3 [Explain why the sky is blue in two sentences.] v2 first_diff_vs_lc_amx=64 tokens: 576 12884 7952 6303 4152 311 279 71816 315 39020 553 279 9237 594 16566 13 1096 71816 11 3881 438 13255 62969 71816 11 11137 23327 92859 315 3100 320 12203 323 79736 8 311 5821 304 7678 5128 11 3259 279 12884 4994 6303 311 1039 6414 13 576 12884 7952 6303 4152 311 279 71816 315 39020 553 279 9237 594
qwen3 [Explain why the sky is blue in two sentences.] v1 first_diff_vs_lc_amx=64 tokens: 576 12884 7952 6303 4152 311 279 71816 315 39020 553 279 9237 594 16566 13 1096 71816 11 3881 438 13255 62969 71816 11 11137 23327 92859 315 3100 320 12203 323 79736 8 311 5821 304 7678 5128 11 3259 279 12884 4994 6303 311 1039 6414 13 576 12884 7952 6303 4152 311 279 71816 315 39020 553 279 9237 594
