1 after |   512 |     64 |    1 |    576 |    1.071 |   478.02 |    3.215 |    19.91 |    4.286 |   134.40 |
1 after |   512 |     64 |    2 |   1152 |    1.064 |   481.35 |    3.604 |    35.51 |    4.668 |   137.11 |
1 after |   512 |     64 |    3 |   1728 |    1.061 |   482.54 |    3.766 |    50.98 |    4.827 |   145.84 |
1 after |   512 |     64 |    4 |   2304 |    1.056 |   484.68 |    3.994 |    64.09 |    5.051 |   152.06 |
1 after |   512 |     64 |    6 |   3456 |    1.059 |   483.67 |    4.632 |    82.90 |    5.691 |   157.45 |
1 after |   512 |     64 |    8 |   4608 |    1.040 |   492.25 |    5.316 |    96.31 |    6.356 |   161.10 |
1 before |   512 |     64 |    1 |    576 |    1.047 |   488.79 |    4.274 |    14.98 |    5.321 |   108.25 |
1 before |   512 |     64 |    2 |   1152 |    1.165 |   439.47 |    5.982 |    21.40 |    7.147 |    89.54 |
1 before |   512 |     64 |    3 |   1728 |    1.161 |   441.09 |    8.069 |    23.79 |    9.230 |    76.27 |
1 before |   512 |     64 |    4 |   2304 |    1.182 |   433.35 |    8.496 |    30.13 |    9.677 |    79.36 |
1 before |   512 |     64 |    6 |   3456 |    1.160 |   441.33 |    9.769 |    39.31 |   10.929 |    81.98 |
1 before |   512 |     64 |    8 |   4608 |    1.154 |   443.86 |   11.912 |    42.98 |   13.065 |    78.38 |
1 stock |   512 |     64 |    1 |    576 |    3.447 |   148.55 |    7.015 |     9.12 |   10.462 |    55.06 |
1 stock |   512 |     64 |    2 |   1152 |    3.126 |   163.80 |    9.252 |    13.84 |   12.378 |    51.71 |
1 stock |   512 |     64 |    3 |   1728 |    3.063 |   167.15 |    9.932 |    19.33 |   12.995 |    54.18 |
1 stock |   512 |     64 |    4 |   2304 |    3.120 |   164.10 |   10.769 |    23.77 |   13.889 |    55.30 |
1 stock |   512 |     64 |    6 |   3456 |    3.214 |   159.28 |   13.250 |    28.98 |   16.465 |    54.42 |
1 stock |   512 |     64 |    8 |   4608 |    3.258 |   157.14 |   14.501 |    35.31 |   17.759 |    57.66 |
2 after |   512 |     64 |    1 |    576 |    1.015 |   504.34 |    3.327 |    19.24 |    4.342 |   132.65 |
2 after |   512 |     64 |    2 |   1152 |    1.012 |   505.72 |    3.546 |    36.10 |    4.558 |   140.40 |
2 after |   512 |     64 |    3 |   1728 |    1.012 |   505.71 |    3.881 |    49.47 |    4.894 |   143.86 |
2 after |   512 |     64 |    4 |   2304 |    0.990 |   517.40 |    3.898 |    65.68 |    4.887 |   157.15 |
2 after |   512 |     64 |    6 |   3456 |    0.931 |   549.76 |    4.619 |    83.13 |    5.551 |   161.42 |
2 after |   512 |     64 |    8 |   4608 |    0.939 |   545.14 |    5.239 |    97.73 |    6.178 |   165.74 |
2 before |   512 |     64 |    1 |    576 |    1.210 |   423.19 |    4.087 |    15.66 |    5.296 |   108.75 |
2 before |   512 |     64 |    2 |   1152 |    1.065 |   480.68 |    5.600 |    22.86 |    6.665 |    96.02 |
2 before |   512 |     64 |    3 |   1728 |    1.036 |   494.25 |    6.862 |    27.98 |    7.898 |    89.13 |
2 before |   512 |     64 |    4 |   2304 |    1.041 |   491.61 |    7.165 |    35.73 |    8.206 |    93.59 |
2 before |   512 |     64 |    6 |   3456 |    1.002 |   510.90 |    9.176 |    41.85 |   10.178 |    88.03 |
2 before |   512 |     64 |    8 |   4608 |    1.004 |   509.99 |    9.802 |    52.23 |   10.806 |    94.76 |
2 stock |   512 |     64 |    1 |    576 |    3.030 |   169.00 |    6.179 |    10.36 |    9.209 |    62.55 |
2 stock |   512 |     64 |    2 |   1152 |    3.114 |   164.41 |    8.705 |    14.70 |   11.819 |    54.15 |
2 stock |   512 |     64 |    3 |   1728 |    3.060 |   167.33 |   10.357 |    18.54 |   13.416 |    52.47 |
2 stock |   512 |     64 |    4 |   2304 |    3.005 |   170.40 |   10.601 |    24.15 |   13.606 |    56.45 |
2 stock |   512 |     64 |    6 |   3456 |    3.004 |   170.45 |   12.261 |    31.32 |   15.265 |    58.70 |
2 stock |   512 |     64 |    8 |   4608 |    3.161 |   161.98 |   16.360 |    31.30 |   19.521 |    52.46 |
BB_DONE
