1 after |   512 |     64 |    1 |    576 |    1.220 |   419.59 |    5.327 |    12.01 |    6.548 |    87.97 |
1 after |   512 |     64 |    2 |   1152 |    1.209 |   423.51 |    5.671 |    22.57 |    6.880 |    93.02 |
1 after |   512 |     64 |    3 |   1728 |    1.195 |   428.48 |    5.809 |    33.05 |    7.004 |   100.51 |
1 after |   512 |     64 |    4 |   2304 |    1.051 |   487.18 |    5.454 |    46.94 |    6.505 |   118.06 |
1 after |   512 |     64 |    6 |   3456 |    1.008 |   507.79 |    6.749 |    56.90 |    7.757 |   115.51 |
1 after |   512 |     64 |    8 |   4608 |    1.011 |   506.27 |    7.626 |    67.14 |    8.637 |   118.56 |
1 before |   512 |     64 |    1 |    576 |    1.226 |   417.68 |    4.678 |    13.68 |    5.904 |    97.56 |
1 before |   512 |     64 |    2 |   1152 |    1.049 |   488.07 |    7.990 |    16.02 |    9.039 |    70.81 |
1 before |   512 |     64 |    3 |   1728 |    1.205 |   424.77 |   10.349 |    18.55 |   11.554 |    60.93 |
1 before |   512 |     64 |    4 |   2304 |    1.182 |   433.33 |   10.241 |    25.00 |   11.423 |    67.23 |
1 before |   512 |     64 |    6 |   3456 |    1.111 |   460.88 |   12.018 |    31.95 |   13.129 |    68.25 |
1 before |   512 |     64 |    8 |   4608 |    1.229 |   416.75 |   12.535 |    40.84 |   13.764 |    74.40 |
1 stock |   512 |     64 |    1 |    576 |    3.488 |   146.77 |    6.237 |    10.26 |    9.725 |    59.23 |
1 stock |   512 |     64 |    2 |   1152 |    3.275 |   156.35 |    9.378 |    13.65 |   12.652 |    50.58 |
1 stock |   512 |     64 |    3 |   1728 |    3.268 |   156.65 |   11.339 |    16.93 |   14.607 |    48.20 |
1 stock |   512 |     64 |    4 |   2304 |    3.160 |   162.01 |    9.491 |    26.97 |   12.651 |    60.71 |
1 stock |   512 |     64 |    6 |   3456 |    3.331 |   153.72 |   12.268 |    31.30 |   15.598 |    57.44 |
1 stock |   512 |     64 |    8 |   4608 |    3.364 |   152.18 |   16.711 |    30.64 |   20.075 |    51.01 |
2 after |   512 |     64 |    1 |    576 |    1.227 |   417.36 |    5.147 |    12.43 |    6.374 |    90.37 |
2 after |   512 |     64 |    2 |   1152 |    1.215 |   421.57 |    5.279 |    24.25 |    6.493 |    98.57 |
2 after |   512 |     64 |    3 |   1728 |    1.218 |   420.35 |    5.725 |    33.54 |    6.943 |   101.40 |
2 after |   512 |     64 |    4 |   2304 |    1.230 |   416.18 |    6.068 |    42.19 |    7.298 |   105.23 |
2 after |   512 |     64 |    6 |   3456 |    1.196 |   427.99 |    7.453 |    51.52 |    8.650 |   103.59 |
2 after |   512 |     64 |    8 |   4608 |    1.274 |   401.94 |    8.439 |    60.67 |    9.712 |   105.43 |
2 before |   512 |     64 |    1 |    576 |    1.201 |   426.38 |    5.039 |    12.70 |    6.240 |    92.31 |
2 before |   512 |     64 |    2 |   1152 |    1.189 |   430.43 |    8.441 |    15.16 |    9.630 |    66.46 |
2 before |   512 |     64 |    3 |   1728 |    1.161 |   441.11 |   10.689 |    17.96 |   11.850 |    59.41 |
2 before |   512 |     64 |    4 |   2304 |    1.200 |   426.62 |   10.528 |    24.31 |   11.729 |    65.48 |
2 before |   512 |     64 |    6 |   3456 |    1.197 |   427.69 |   12.586 |    30.51 |   13.783 |    65.01 |
2 before |   512 |     64 |    8 |   4608 |    1.180 |   433.85 |   12.645 |    40.49 |   13.825 |    74.07 |
2 stock |   512 |     64 |    1 |    576 |    3.443 |   148.71 |    6.818 |     9.39 |   10.261 |    56.13 |
2 stock |   512 |     64 |    2 |   1152 |    3.763 |   136.06 |    9.784 |    13.08 |   13.547 |    47.24 |
2 stock |   512 |     64 |    3 |   1728 |    3.243 |   157.88 |    9.742 |    19.71 |   12.985 |    54.22 |
2 stock |   512 |     64 |    4 |   2304 |    3.200 |   159.98 |   10.711 |    23.90 |   13.911 |    55.21 |
2 stock |   512 |     64 |    6 |   3456 |    3.307 |   154.83 |   12.455 |    30.83 |   15.762 |    56.84 |
2 stock |   512 |     64 |    8 |   4608 |    3.350 |   152.84 |   14.433 |    35.47 |   17.783 |    57.58 |
3 after |   512 |     64 |    1 |    576 |    1.067 |   479.78 |    4.729 |    13.53 |    5.796 |    99.37 |
3 after |   512 |     64 |    2 |   1152 |    1.024 |   500.20 |    4.894 |    26.15 |    5.918 |   108.14 |
3 after |   512 |     64 |    3 |   1728 |    1.026 |   499.15 |    5.857 |    32.78 |    6.883 |   102.29 |
3 after |   512 |     64 |    4 |   2304 |    1.266 |   404.46 |    6.185 |    41.39 |    7.451 |   103.07 |
3 after |   512 |     64 |    6 |   3456 |    1.201 |   426.32 |    7.483 |    51.32 |    8.684 |   103.18 |
3 after |   512 |     64 |    8 |   4608 |    1.046 |   489.41 |    7.108 |    72.04 |    8.154 |   125.59 |
3 before |   512 |     64 |    1 |    576 |    1.085 |   471.89 |    4.880 |    13.11 |    5.965 |    96.56 |
3 before |   512 |     64 |    2 |   1152 |    1.072 |   477.43 |    7.507 |    17.05 |    8.580 |    74.59 |
3 before |   512 |     64 |    3 |   1728 |    1.059 |   483.32 |    9.976 |    19.25 |   11.036 |    63.79 |
3 before |   512 |     64 |    4 |   2304 |    1.205 |   424.77 |    9.325 |    27.45 |   10.530 |    72.93 |
3 before |   512 |     64 |    6 |   3456 |    1.049 |   487.88 |   12.151 |    31.60 |   13.200 |    67.88 |
3 before |   512 |     64 |    8 |   4608 |    1.224 |   418.27 |   11.829 |    43.28 |   13.054 |    78.45 |
3 stock |   512 |     64 |    1 |    576 |    3.678 |   139.21 |    5.981 |    10.70 |    9.659 |    59.64 |
3 stock |   512 |     64 |    2 |   1152 |    3.221 |   158.98 |    9.627 |    13.30 |   12.847 |    49.82 |
3 stock |   512 |     64 |    3 |   1728 |    3.233 |   158.36 |   10.090 |    19.03 |   13.323 |    52.84 |
3 stock |   512 |     64 |    4 |   2304 |    3.085 |   165.99 |   11.002 |    23.27 |   14.087 |    54.52 |
3 stock |   512 |     64 |    6 |   3456 |    3.156 |   162.23 |   13.096 |    29.32 |   16.252 |    55.13 |
3 stock |   512 |     64 |    8 |   4608 |    3.226 |   158.71 |   13.141 |    38.96 |   16.367 |    62.56 |
BB_DONE
