1 after Qwen3-8B-Q8_0 |   512 |     64 |    1 |    576 |    1.027 |   498.76 |    4.327 |    14.79 |    5.354 |   107.59 |
1 after Qwen3-8B-Q4_K_M |   512 |     64 |    1 |    576 |    1.213 |   422.06 |    3.233 |    19.79 |    4.446 |   129.55 |
1 before Qwen3-8B-Q8_0 |   512 |     64 |    1 |    576 |    1.178 |   434.65 |    4.658 |    13.74 |    5.836 |    98.70 |
1 before Qwen3-8B-Q4_K_M |   512 |     64 |    1 |    576 |    1.047 |   488.98 |    4.041 |    15.84 |    5.088 |   113.21 |
2 after Qwen3-8B-Q8_0 |   512 |     64 |    1 |    576 |    1.101 |   465.23 |    4.824 |    13.27 |    5.925 |    97.22 |
2 after Qwen3-8B-Q4_K_M |   512 |     64 |    1 |    576 |    1.038 |   493.25 |    3.692 |    17.33 |    4.730 |   121.77 |
2 before Qwen3-8B-Q8_0 |   512 |     64 |    1 |    576 |    1.242 |   412.17 |    5.255 |    12.18 |    6.497 |    88.66 |
2 before Qwen3-8B-Q4_K_M |   512 |     64 |    1 |    576 |    1.299 |   394.06 |    4.670 |    13.71 |    5.969 |    96.50 |
3 after Qwen3-8B-Q8_0 |   512 |     64 |    1 |    576 |    1.341 |   381.67 |    5.027 |    12.73 |    6.368 |    90.45 |
3 after Qwen3-8B-Q4_K_M |   512 |     64 |    1 |    576 |    1.057 |   484.32 |    3.528 |    18.14 |    4.585 |   125.64 |
3 before Qwen3-8B-Q8_0 |   512 |     64 |    1 |    576 |    1.249 |   409.95 |    5.309 |    12.06 |    6.558 |    87.83 |
3 before Qwen3-8B-Q4_K_M |   512 |     64 |    1 |    576 |    1.025 |   499.71 |    4.394 |    14.57 |    5.418 |   106.31 |
4 after Qwen3-8B-Q8_0 |   512 |     64 |    1 |    576 |    1.276 |   401.15 |    4.843 |    13.21 |    6.120 |    94.12 |
4 after Qwen3-8B-Q4_K_M |   512 |     64 |    1 |    576 |    0.994 |   514.89 |    3.227 |    19.83 |    4.221 |   136.46 |
4 before Qwen3-8B-Q8_0 |   512 |     64 |    1 |    576 |    1.089 |   470.01 |    5.074 |    12.61 |    6.163 |    93.46 |
4 before Qwen3-8B-Q4_K_M |   512 |     64 |    1 |    576 |    1.093 |   468.35 |    4.255 |    15.04 |    5.349 |   107.69 |
5 after Qwen3-8B-Q8_0 |   512 |     64 |    1 |    576 |    1.157 |   442.36 |    4.525 |    14.14 |    5.683 |   101.36 |
5 after Qwen3-8B-Q4_K_M |   512 |     64 |    1 |    576 |    1.166 |   439.17 |    3.362 |    19.04 |    4.528 |   127.21 |
5 before Qwen3-8B-Q8_0 |   512 |     64 |    1 |    576 |    1.250 |   409.56 |    5.269 |    12.15 |    6.519 |    88.36 |
5 before Qwen3-8B-Q4_K_M |   512 |     64 |    1 |    576 |    1.231 |   416.03 |    4.847 |    13.20 |    6.078 |    94.77 |
6 after Qwen3-8B-Q8_0 |   512 |     64 |    1 |    576 |    1.128 |   453.87 |    4.580 |    13.97 |    5.708 |   100.92 |
6 after Qwen3-8B-Q4_K_M |   512 |     64 |    1 |    576 |    1.127 |   454.15 |    3.728 |    17.17 |    4.855 |   118.63 |
6 before Qwen3-8B-Q8_0 |   512 |     64 |    1 |    576 |    1.104 |   463.84 |    5.508 |    11.62 |    6.612 |    87.11 |
6 before Qwen3-8B-Q4_K_M |   512 |     64 |    1 |    576 |    1.231 |   416.01 |    4.513 |    14.18 |    5.744 |   100.28 |
NPL1_DONE
