1 after |   512 |     64 |    1 |    576 |    2.010 |   254.76 |    4.450 |    14.38 |    6.459 |    89.17 |
1 after |   512 |     64 |    2 |   1152 |    1.987 |   257.73 |    4.683 |    27.33 |    6.669 |    95.96 |
1 after |   512 |     64 |    3 |   1728 |    2.041 |   250.91 |    5.308 |    36.17 |    7.349 |    95.79 |
1 after |   512 |     64 |    4 |   2304 |    2.022 |   253.21 |    5.192 |    49.31 |    7.214 |   106.46 |
1 after |   512 |     64 |    6 |   3456 |    2.037 |   251.36 |    6.234 |    61.60 |    8.271 |   108.34 |
1 after |   512 |     64 |    8 |   4608 |    2.037 |   251.31 |    6.869 |    74.54 |    8.906 |   114.98 |
1 before |   512 |     64 |    1 |    576 |    2.176 |   235.24 |    5.198 |    12.31 |    7.375 |    78.10 |
1 before |   512 |     64 |    2 |   1152 |    2.246 |   227.99 |    8.408 |    15.22 |   10.654 |    60.07 |
1 before |   512 |     64 |    3 |   1728 |    2.235 |   229.05 |    9.508 |    20.19 |   11.744 |    59.95 |
1 before |   512 |     64 |    4 |   2304 |    2.048 |   250.05 |   10.023 |    25.54 |   12.071 |    63.62 |
1 before |   512 |     64 |    6 |   3456 |    2.205 |   232.24 |   13.203 |    29.08 |   15.408 |    58.15 |
1 before |   512 |     64 |    8 |   4608 |    2.189 |   233.93 |   11.161 |    45.87 |   13.350 |    76.71 |
1 stock |   512 |     64 |    1 |    576 |    3.036 |   168.62 |    5.083 |    12.59 |    8.120 |    70.94 |
1 stock |   512 |     64 |    2 |   1152 |    3.118 |   164.20 |    8.357 |    15.32 |   11.475 |    55.77 |
1 stock |   512 |     64 |    3 |   1728 |    3.065 |   167.04 |    8.603 |    22.32 |   11.668 |    60.33 |
1 stock |   512 |     64 |    4 |   2304 |    2.963 |   172.78 |    8.952 |    28.60 |   11.915 |    64.46 |
1 stock |   512 |     64 |    6 |   3456 |    3.144 |   162.84 |   10.165 |    37.78 |   13.310 |    67.32 |
1 stock |   512 |     64 |    8 |   4608 |    3.026 |   169.18 |   12.917 |    39.64 |   15.943 |    64.23 |
2 after |   512 |     64 |    1 |    576 |    2.027 |   252.54 |    4.526 |    14.14 |    6.553 |    87.90 |
2 after |   512 |     64 |    2 |   1152 |    2.000 |   255.96 |    4.640 |    27.58 |    6.641 |    96.38 |
2 after |   512 |     64 |    3 |   1728 |    2.015 |   254.13 |    5.199 |    36.93 |    7.214 |    97.59 |
2 after |   512 |     64 |    4 |   2304 |    2.016 |   253.95 |    5.337 |    47.96 |    7.354 |   104.44 |
2 after |   512 |     64 |    6 |   3456 |    2.040 |   251.03 |    6.798 |    56.49 |    8.837 |   101.39 |
2 after |   512 |     64 |    8 |   4608 |    2.006 |   255.26 |    7.069 |    72.43 |    9.075 |   112.84 |
2 before |   512 |     64 |    1 |    576 |    2.115 |   242.07 |    4.710 |    13.59 |    6.825 |    84.39 |
2 before |   512 |     64 |    2 |   1152 |    2.061 |   248.42 |    7.147 |    17.91 |    9.209 |    69.50 |
2 before |   512 |     64 |    3 |   1728 |    2.073 |   247.03 |    9.087 |    21.13 |   11.160 |    63.08 |
2 before |   512 |     64 |    4 |   2304 |    2.072 |   247.12 |    9.138 |    28.02 |   11.209 |    68.51 |
2 before |   512 |     64 |    6 |   3456 |    2.072 |   247.07 |   11.359 |    33.81 |   13.431 |    66.71 |
2 before |   512 |     64 |    8 |   4608 |    2.047 |   250.14 |   11.065 |    46.27 |   13.112 |    78.10 |
2 stock |   512 |     64 |    1 |    576 |    3.056 |   167.53 |    5.264 |    12.16 |    8.320 |    69.23 |
2 stock |   512 |     64 |    2 |   1152 |    3.066 |   167.00 |    8.039 |    15.92 |   11.105 |    57.63 |
2 stock |   512 |     64 |    3 |   1728 |    3.046 |   168.08 |    8.751 |    21.94 |   11.797 |    59.67 |
2 stock |   512 |     64 |    4 |   2304 |    3.016 |   169.76 |    8.939 |    28.64 |   11.955 |    64.24 |
2 stock |   512 |     64 |    6 |   3456 |    3.007 |   170.25 |   10.263 |    37.42 |   13.270 |    67.52 |
2 stock |   512 |     64 |    8 |   4608 |    3.062 |   167.20 |   12.191 |    42.00 |   15.253 |    67.13 |
3 after |   512 |     64 |    1 |    576 |    2.272 |   225.35 |    4.453 |    14.37 |    6.725 |    85.65 |
3 after |   512 |     64 |    2 |   1152 |    2.066 |   247.81 |    4.719 |    27.12 |    6.785 |    94.32 |
3 after |   512 |     64 |    3 |   1728 |    2.021 |   253.38 |    5.073 |    37.85 |    7.094 |    99.24 |
3 after |   512 |     64 |    4 |   2304 |    2.055 |   249.17 |    5.288 |    48.41 |    7.343 |   104.59 |
3 after |   512 |     64 |    6 |   3456 |    2.022 |   253.22 |    6.448 |    59.55 |    8.470 |   105.78 |
3 after |   512 |     64 |    8 |   4608 |    2.082 |   245.95 |    6.778 |    75.54 |    8.860 |   115.58 |
3 before |   512 |     64 |    1 |    576 |    2.156 |   237.53 |    4.720 |    13.56 |    6.875 |    83.78 |
3 before |   512 |     64 |    2 |   1152 |    2.268 |   225.72 |    7.670 |    16.69 |    9.938 |    64.40 |
3 before |   512 |     64 |    3 |   1728 |    2.107 |   242.96 |    9.596 |    20.01 |   11.703 |    60.15 |
3 before |   512 |     64 |    4 |   2304 |    2.187 |   234.11 |    8.990 |    28.48 |   11.177 |    68.71 |
3 before |   512 |     64 |    6 |   3456 |    2.084 |   245.73 |   11.073 |    34.68 |   13.157 |    68.10 |
3 before |   512 |     64 |    8 |   4608 |    2.089 |   245.14 |   11.568 |    44.26 |   13.657 |    74.98 |
3 stock |   512 |     64 |    1 |    576 |    3.126 |   163.77 |    5.826 |    10.98 |    8.953 |    64.34 |
3 stock |   512 |     64 |    2 |   1152 |    3.053 |   167.72 |    8.884 |    14.41 |   11.937 |    53.61 |
3 stock |   512 |     64 |    3 |   1728 |    3.153 |   162.37 |    9.648 |    19.90 |   12.801 |    54.99 |
3 stock |   512 |     64 |    4 |   2304 |    3.156 |   162.22 |    9.415 |    27.19 |   12.571 |    61.09 |
3 stock |   512 |     64 |    6 |   3456 |    3.091 |   165.63 |   11.184 |    34.33 |   14.275 |    62.77 |
3 stock |   512 |     64 |    8 |   4608 |    3.141 |   163.01 |   12.800 |    40.00 |   15.941 |    64.24 |
BB_DONE
